BuildTime, HF, TableSize, Load, UniqueLoad, AvgBucketSize, BBS, BBC, BBT, SMS, SBC, SBT
0.168233, 1, 32768, 466545, 32635, 14.2378, 1049, 1, 0.0001375, 0, 133, 0.0001303
0.164801, 1, 32768, 466545, 32635, 14.2378, 1049, 1, 0.0001287, 0, 133, 0.0001316
0.156052, 1, 32768, 466545, 32635, 14.2378, 1049, 1, 0.0001205, 0, 133, 0.0001285
0.158713, 1, 32768, 466545, 32635, 14.2378, 1049, 1, 0.0001332, 0, 133, 0.0001304
0.155457, 1, 32768, 466545, 32635, 14.2378, 1049, 1, 0.0001289, 0, 133, 0.0001655
0.158947, 1, 32768, 466545, 32635, 14.2378, 1049, 1, 0.0001265, 0, 133, 0.0001394
0.158574, 1, 32768, 466545, 32635, 14.2378, 1049, 1, 0.0001341, 0, 133, 0.0001353
0.155853, 1, 32768, 466545, 32635, 14.2378, 1049, 1, 0.0001323, 0, 133, 0.0001302
0.155827, 1, 32768, 466545, 32635, 14.2378, 1049, 1, 0.0001261, 0, 133, 0.0001303
0.155767, 1, 32768, 466545, 32635, 14.2378, 1049, 1, 0.0001222, 0, 133, 0.0001272
0.153681, 1, 32768, 466545, 32635, 14.2378, 1049, 1, 0.00012, 0, 133, 0.0001271
0.155944, 1, 32768, 466545, 32635, 14.2378, 1049, 1, 0.0001303, 0, 133, 0.0001305
4.90745, 1, 32768, 466545, 32663, 14.2378, 1046, 1, 0.0041638, 0, 105, 0.004399
4.88924, 1, 32768, 466545, 32663, 14.2378, 1046, 1, 0.0042482, 0, 105, 0.0044083
0.12397, 1, 32768, 466546, 32663, 14.2379, 1046, 1, 0.0001298, 0, 105, 0.0001603
0.12874, 1, 32768, 466546, 32663, 14.2379, 1046, 1, 0.0001336, 0, 105, 0.0001299
0.125745, 1, 32768, 466546, 32663, 14.2379, 1046, 1, 0.0001286, 0, 105, 0.0001646
0.384926, 1, 32768, 466546, 32663, 14.2379, 1046, 1, 0.0003331, 0, 105, 0.0003645
0.379292, 1, 32768, 466546, 32663, 14.2379, 1046, 1, 0.0003845, 0, 105, 0.0003639
0.377471, 1, 32768, 466549, 32663, 14.2379, 1046, 1, 0.0003532, 0, 105, 0.0003449
0.339075, 1, 32768, 466552, 32663, 14.238, 1046, 1, 0.000349, 0, 105, 0.0003473
0.3829, 1, 32768, 466552, 32663, 14.238, 1046, 1, 0.0003858, 0, 105, 0.0003697
0.339259, 1, 32768, 466553, 32663, 14.2381, 1046, 1, 0.000353, 0, 105, 0.0003467
0.197885, 1, 32768, 466555, 32663, 14.2381, 1046, 1, 0.0001384, 0, 105, 0.000134
0.139526, 1, 32768, 466555, 32663, 14.2381, 1046, 1, 0.0001277, 0, 105, 0.0001383
0.134499, 1, 32768, 466555, 32663, 14.2381, 1046, 1, 0.0001224, 0, 105, 0.0001301
0.136937, 1, 32768, 466557, 32663, 14.2382, 1046, 1, 0.000143, 0, 105, 0.0001311
0.134181, 1, 32768, 466559, 32663, 14.2383, 1046, 1, 0.0001301, 0, 105, 0.0001262
0.142108, 1, 32768, 466561, 32663, 14.2383, 1046, 1, 0.0001303, 0, 105, 0.000132
0.137554, 1, 32768, 466561, 32663, 14.2383, 1046, 1, 0.000136, 0, 105, 0.0001272
0.141552, 1, 32768, 466561, 32663, 14.2383, 1046, 1, 0.000133, 0, 105, 0.0001247
0.139392, 1, 32768, 466561, 32663, 14.2383, 1046, 1, 0.0001241, 0, 105, 0.0001236
0.13949, 1, 32768, 466564, 32663, 14.2384, 1046, 1, 0.0001302, 0, 105, 0.00013
0.144127, 1, 32768, 466564, 32663, 14.2384, 1046, 1, 0.0001301, 0, 105, 0.0001287
0.145547, 1, 32768, 466565, 32663, 14.2384, 1046, 1, 0.0001369, 0, 105, 0.0001611
0.375799, 1, 32768, 466566, 32663, 14.2385, 1046, 1, 0.0004009, 0, 105, 0.0003963
0.542769, 1, 32768, 466566, 32663, 14.2385, 1046, 1, 0.000338, 0, 105, 0.0006972
0.138238, 1, 32768, 466566, 32663, 14.2385, 1046, 1, 0.0001295, 0, 105, 0.0001247
0.141677, 1, 32768, 466566, 32663, 14.2385, 1046, 1, 0.0001302, 0, 105, 0.0001325
0.148305, 1, 32768, 466566, 32663, 14.2385, 1046, 1, 0.000135, 0, 105, 0.0001244
0.13931, 1, 32768, 466566, 32663, 14.2385, 1046, 1, 0.0001333, 0, 105, 0.0001413
0.14093, 1, 32768, 466566, 32663, 14.2385, 1046, 1, 0.0001215, 0, 105, 0.00013
0.140042, 1, 32768, 466566, 32663, 14.2385, 1046, 1, 0.000157, 0, 105, 0.0001305
0.377095, 0, 32768, 466566, 32663, 14.2385, 1046, 1, 0.0003586, 0, 105, 0.0003363
0.397227, 0, 32768, 466566, 32663, 14.2385, 1046, 1, 0.0003871, 0, 105, 0.0003372
0.367576, 0, 32768, 466566, 32663, 14.2385, 1046, 1, 0.0003559, 0, 105, 0.0003363
0.382709, 0, 32768, 466566, 32663, 14.2385, 1046, 1, 0.000572, 0, 105, 0.0004016
0.364292, 0, 32768, 466566, 32663, 14.2385, 1046, 1, 0.000356, 0, 105, 0.000358
0.380289, 1, 32768, 466566, 32663, 14.2385, 1046, 1, 0.0003351, 0, 105, 0.0006233
0.466557, 1, 32768, 466569, 32663, 14.2386, 1046, 1, 0.0003528, 0, 105, 0.0003531
0.501905, 1, 32768, 466569, 32663, 14.2386, 1046, 1, 0.0005463, 0, 105, 0.0005883
0.562801, 1, 32768, 466569, 32663, 14.2386, 1046, 1, 0.0003542, 0, 105, 0.0003804
0.432005, 1, 32768, 466569, 32663, 14.2386, 1046, 1, 0.0003543, 0, 105, 0.0003889
0.973731, 2, 32768, 466569, 2332, 14.2386, 1123, 1, 0.0003492, 0, 30436, 0.0004718
0.983516, 2, 32768, 933138, 4664, 28.4771, 1123, 1, 0.0003492, 0, 30436, 0.0004719
0.439119, 1, 32768, 466569, 32663, 14.2386, 1046, 1, 0.000355, 0, 105, 0.0003702
0.464429, 1, 32768, 466569, 32663, 14.2386, 1046, 1, 0.0003859, 0, 105, 0.0003471
0.449111, 1, 32768, 466569, 32663, 14.2386, 1046, 1, 0.0002735, 0, 105, 0.0002715
0.436844, 1, 32768, 466569, 32663, 14.2386, 1046, 1, 0.0005157, 0, 105, 0.0005149
0.47777, 1, 32768, 466569, 32663, 14.2386, 1046, 1, 0.0005418, 0, 105, 0.0003986
0.435883, 1, 32768, 466569, 32663, 14.2386, 1046, 1, 0.0003519, 0, 105, 0.0003884
0.438759, 1, 32768, 466676, 32663, 14.2418, 1046, 1, 0.0004433, 0, 105, 0.0008841
0.164436, 1, 32768, 466676, 32663, 14.2418, 1046, 1, 0.0001599, 0, 105, 0.000142
0.162304, 1, 32768, 466676, 32663, 14.2418, 1046, 1, 0.0001443, 0, 105, 0.0001327
0.16845, 1, 32768, 466677, 32663, 14.2419, 1046, 1, 0.0001435, 0, 105, 0.0001442
0.16989, 1, 32768, 466677, 32663, 14.2419, 1046, 1, 0.000168, 0, 105, 0.0001526
0.169428, 1, 32768, 466676, 32663, 14.2418, 1046, 1, 0.0001587, 0, 105, 0.0001336
0.170005, 1, 32768, 466677, 32663, 14.2419, 1046, 1, 0.0001444, 0, 105, 0.0001326
0.163304, 1, 32768, 466676, 32663, 14.2418, 1046, 1, 0.0002762, 0, 105, 0.0001336
0.167391, 1, 32768, 466677, 32663, 14.2419, 1046, 1, 0.0001543, 0, 105, 0.0001339
0.169073, 1, 32768, 466677, 32663, 14.2419, 1046, 1, 0.0001316, 0, 105, 0.0001278
0.15744, 1, 32768, 466682, 32663, 14.242, 1046, 1, 0.0001369, 0, 105, 0.0001298
0.168541, 1, 32768, 466685, 32663, 14.2421, 1046, 1, 0.0001464, 0, 105, 0.0001343
0.164418, 1, 32768, 466687, 32663, 14.2422, 1046, 1, 0.0001439, 0, 105, 0.0001375
0.161817, 1, 32768, 466687, 32663, 14.2422, 1046, 1, 0.0001336, 0, 105, 0.0001672
0.158659, 1, 32768, 466687, 32663, 14.2422, 1046, 1, 0.0001634, 0, 105, 0.0001374
0.161658, 1, 32768, 466689, 32663, 14.2422, 1046, 1, 0.0001351, 0, 105, 0.00013
0.151126, 1, 32768, 466691, 32663, 14.2423, 1046, 1, 0.0001328, 0, 105, 0.0001299
0.155139, 1, 32768, 466691, 32663, 14.2423, 1046, 1, 0.0001694, 0, 105, 0.0001217
0.151661, 1, 32768, 466694, 32663, 14.2424, 1046, 1, 0.0001692, 0, 105, 0.0001218
0.16977, 1, 32768, 466694, 32663, 14.2424, 1046, 1, 0.0001581, 0, 105, 0.0001218
0.165868, 1, 32768, 466695, 32663, 14.2424, 1046, 1, 0.0001394, 0, 105, 0.0001258
0.161806, 1, 32768, 466696, 32663, 14.2424, 1046, 1, 0.0001365, 0, 105, 0.0001296
0.166423, 1, 32768, 466697, 32663, 14.2425, 1046, 1, 0.0001255, 0, 105, 0.00013
0.164168, 1, 32768, 466697, 32663, 14.2425, 1046, 1, 0.0001236, 0, 105, 0.000149
0.190966, 1, 32768, 466697, 32663, 14.2425, 1046, 1, 0.0001218, 0, 105, 0.000187
0.164289, 1, 32768, 466701, 32663, 14.2426, 1046, 1, 0.0001258, 0, 105, 0.0001302
0.182337, 1, 32768, 466701, 32663, 14.2426, 1046, 1, 0.0001242, 0, 105, 0.0001298
