1, 0, 0, 0.0009968, 
2, 0.0014594, 0, 0.0047661, 0.0063919, 
3, 0.0007384, 1, 0.0429339, 0.0430088, 
4, 0.0002086, 1, 0.0158517, 0.0159658, 
5, 0.0016675, 1, 0.0369816, 0.0370594, 
1, 0, 0, 0.0005685, 
2, 0.0015839, 0, 0.0065132, 0.0080561, 
3, 0.0002887, 1, 0.0349961, 0.0350948, 
4, 0.000265, 1, 0.0179994, 0.0181109, 
5, 0.0005973, 0, 0.00688, 0.0072655, 
1, 0, 0, 0.0010473, 
2, 0.0013131, 0, 0.0023295, 0.0032348, 
3, 0.0007058, 1, 0.0418643, 0.0419513, 
4, 0.0003058, 1, 0.016508, 0.016677, 
5, 0.0002048, 0, 0.0030464, 0.0032954, 
1, 0, 0, 0.0002778, 
2, 0.0002498, 0, 0.0008429, 0.0008588, 
3, 0.0014199, 1, 0.0253786, 0.0254013, 
4, 0.0002058, 1, 0.0135512, 0.013569, 
5, 0.0001183, 0, 0.0057406, 0.0057557, 
1, 0, 0, 0.0010363, 
2, 0.0032426, 0, 0.0056269, 0.0069824, 
3, 0.0001544, 1, 0.0359249, 0.0359979, 
4, 0.0006719, 1, 0.0176477, 0.0177444, 
5, 0.0002738, 1, 0.0417991, 0.0418776, 
1, 0, 0, 0.0007427, 
2, 0.0026826, 0, 0.006051, 0.0074865, 
3, 0.0002594, 1, 0.0381293, 0.0382836, 
4, 0.0016668, 1, 0.0175142, 0.017614, 
1, 0, 0, 0.0008113, 
2, 0.0015465, 0, 0.0070053, 0.0084545, 
3, 0.0006196, 1, 0.0592803, 0.059354, 
4, 0.0022961, 1, 0.0150151, 0.0152056, 
1, 0, 0, 0.0033818, 
2, 0.0020967, 0, 0.0038362, 0.007775, 
3, 0.0030631, 1, 0.0624188, 0.0625049, 
4, 0.0002418, 1, 0.013293, 0.0133881, 
1, 0, 0, 0.0007354, 
2, 0.0027601, 0, 0.0062927, 0.0077037, 
3, 0.0002526, 1, 0.0452265, 0.0452986, 
4, 0.0006248, 1, 0.0175174, 0.0175929, 
1, 0, 0, 0.0009895, 
2, 0.0010002, 0, 0.0029859, 0.0041599, 
3, 0.0007617, 0, 0.0011501, 0.0012689, 
4, 0.000313, 1, 0.0176737, 0.0177632, 
1, 0, 0, 0.0010651, 
2, 0.0020666, 0, 0.0039034, 0.0058194, 
3, 0.0002413, 1, 0.0461551, 0.0462827, 
4, 0.0006034, 1, 0.0164013, 0.0164917, 
1, 0, 0, 0.0007582, 
2, 0.0031012, 0, 0.0062887, 0.0076887, 
3, 0.0002824, 1, 0.0307787, 0.0309303, 
4, 0.0017896, 1, 0.0154796, 0.0155884, 
1, 0, 0, 0.0010532, 
2, 0.0036739, 0, 0.0061256, 0.0074812, 
3, 0.0004206, 0, 0.0008328, 0.000885, 
4, 0.0003217, 1, 0.0204271, 0.0205231, 
1, 0, 0, 0.0009375, 
2, 0.001271, 0, 0.0031138, 0.0039466, 
3, 0.0006615, 0, 0.0023968, 0.003231, 
4, 0.0002766, 1, 0.0173236, 0.0174098, 
1, 0, 0, 0.0017091, 
2, 0.0013943, 0, 0.0028422, 0.0037786, 
3, 0.0002724, 1, 0.0312052, 0.0316319, 
4, 0.0004052, 1, 0.0159253, 0.0160062, 
1, 0, 0, 0.0008782, 
2, 0.0029116, 0, 0.0056488, 0.0073153, 
3, 0.0008224, 0, 0.0032569, 0.0033993, 
4, 0.0014468, 1, 0.0231582, 0.0232332, 
1, 0, 0, 0.0007603, 
2, 0.0020575, 0, 0.0062138, 0.0089362, 
3, 0.00061, 1, 0.0434406, 0.0435142, 
4, 0.0002223, 1, 0.0091854, 0.009282, 
1, 0, 0, 0.0008255, 
2, 0.000893, 0, 0.0028179, 0.0042865, 
3, 0.000656, 1, 0.0416689, 0.0417278, 
4, 0.0009022, 1, 0.0200616, 0.0201757, 
1, 0, 0, 0.0014307, 
2, 0.001147, 0, 0.0024379, 0.004166, 
3, 0.000818, 0, 0.0052616, 0.0054077, 
4, 8.36e-05, 1, 0.0251273, 0.0252217, 
1, 0, 0, 0.001159, 
2, 0.0011137, 0, 0.0027281, 0.0047088, 
3, 0.0005915, 1, 0.0364458, 0.0365227, 
4, 0.0003083, 1, 0.0136638, 0.0137345, 
1, 0, 0, 0.0015527, 
2, 0.0028761, 0, 0.0047097, 0.0062601, 
3, 0.0002358, 1, 0.0370828, 0.0371665, 
4, 0.0015493, 1, 0.0132603, 0.0134626, 
1, 0, 0, 0.0009302, 
2, 0.0015566, 0, 0.0068257, 0.0082634, 
3, 0.0007047, 0, 0.0024044, 0.0026279, 
4, 0.0001841, 1, 0.0172796, 0.0173617, 
1, 0, 0, 0.0002269, 
2, 0.0002523, 0, 0.0008043, 0.0008119, 
3, 0.0001647, 0, 0.0006933, 0.0007003, 
4, 6.32e-05, 1, 0.0114743, 0.0114949, 
1, 0, 0, 0.0008493, 
2, 0.0014686, 0, 0.0043912, 0.0058105, 
3, 0.000269, 1, 0.0294206, 0.0295118, 
4, 0.0006329, 1, 0.0155228, 0.015711, 
1, 0, 0, 0.0007942, 
2, 0.0008009, 0, 0.001576, 0.0032881, 
3, 0.0002695, 1, 0.0269727, 0.0271095, 
4, 0.0003298, 1, 0.0101231, 0.0103227, 
1, 0, 0, 0.0009113, 
2, 0.0015642, 0, 0.0039254, 0.0053671, 
3, 0.0002259, 1, 0.0336519, 0.0338188, 
4, 0.0007278, 1, 0.0089629, 0.0090407, 
1, 0, 0, 0.0008388, 
2, 0.0014787, 0, 0.0044344, 0.0059833, 
3, 0.0005783, 0, 0.0009734, 0.0010526, 
4, 0.0002647, 1, 0.0143246, 0.0144193, 
1, 0, 0, 0.0007668, 
2, 0.0010878, 0, 0.0027815, 0.0036326, 
3, 0.0002265, 1, 0.0288279, 0.028919, 
4, 0.0005702, 1, 0.0162545, 0.0163849, 
1, 0, 0, 0.0009448, 
2, 0.0015193, 0, 0.0038452, 0.0058345, 
3, 0.0001416, 1, 0.0176013, 0.0176627, 
4, 0.0003646, 1, 0.0066798, 0.0067586, 
1, 0, 0, 0.0018187, 
2, 0.0014888, 0, 0.0034418, 0.0055531, 
3, 0.0001948, 1, 0.0364999, 0.0366308, 
4, 0.0005987, 1, 0.0178197, 0.0179831, 
1, 0, 0, 0.0016696, 
2, 0.0015079, 0, 0.0045341, 0.0061014, 
3, 0.0002982, 1, 0.0422108, 0.0423905, 
4, 0.0004005, 1, 0.0207867, 0.0209487, 
1, 0, 0, 0.0018291, 
2, 0.0015087, 0, 0.0035354, 0.0054221, 
3, 0.0002327, 1, 0.0557675, 0.0558991, 
4, 0.0003095, 1, 0.0180205, 0.0181411, 
1, 0, 0, 0.0018559, 
2, 0.001036, 0, 0.003336, 0.0050532, 
3, 0.000378, 0, 0.0006907, 0.0007501, 
4, 9.2e-06, 1, 0.0306479, 0.0309276, 
1, 0, 0, 0.0021849, 
1, 0, 0, 0.0022534, 
2, 0.00125, 0, 0.0028318, 0.0046242, 
3, 1e-05, 1, 0.0423187, 0.0424854, 
4, 7.2e-06, 1, 0.0106073, 0.0107633, 
1, 0, 0, 0.0021857, 
2, 0.001127, 0, 0.0037176, 0.0052644, 
3, 0.0002936, 0, 0.0005994, 0.0006578, 
4, 9.7e-06, 1, 0.0254421, 0.0256663, 
1, 0, 0, 0.0017523, 
2, 0.0012676, 0, 0.0028949, 0.0047015, 
3, 0.0003351, 0, 0.0007741, 0.0008621, 
4, 9.5e-06, 1, 0.0261472, 0.02639, 
1, 0, 0, 0.0027913, 
2, 0.001382, 0, 0.00393, 0.0059222, 
3, 9.2e-06, 1, 0.051174, 0.0513052, 
4, 1.19e-05, 1, 0.0178327, 0.017999, 
1, 0, 0, 0.0017963, 
2, 0.0012077, 0, 0.0040697, 0.0055957, 
3, 1.22e-05, 1, 0.047512, 0.0476748, 
4, 5.8e-06, 1, 0.0144079, 0.0146372, 
1, 0, 0, 0.0008577, 
2, 0.0010359, 0, 0.0028721, 0.0040779, 
3, 0.0001948, 0, 0.0002501, 0.0006113, 
4, 8.9e-06, 1, 0.0216866, 0.02178, 
1, 0, 0, 0.0007825, 
2, 0.0010367, 0, 0.0029824, 0.0055976, 
3, 9.6e-06, 1, 0.0366866, 0.036752, 
4, 5.4e-06, 1, 0.0182129, 0.0183339, 
5, 5.7e-06, 1, 0.0187689, 0.0188748, 
6, 0.0001322, 1, 0.0198338, 0.0199186, 
7, 6.8e-06, 1, 0.0138208, 0.0139986, 
1, 0, 0, 0.0011387, 
2, 0.0009046, 0, 0.0033375, 0.0045831, 
3, 1.08e-05, 1, 0.0387601, 0.0389654, 
4, 0.0002395, 1, 0.0082236, 0.0083205, 
5, 9.8e-06, 0, 0.0002227, 0.0002836, 
6, 5.4e-06, 1, 0.027765, 0.0278401, 
7, 3.9e-06, 1, 0.0075817, 0.0076603, 
8, 7.1e-06, 1, 0.0215461, 0.0216519, 
1, 0, 0, 0.0008188, 
2, 0.0008996, 0, 0.0017655, 0.0039147, 
3, 9.1e-06, 1, 0.0433765, 0.0435261, 
4, 0.0002948, 1, 0.0162218, 0.0163352, 
5, 4.5e-06, 1, 0.0333632, 0.0334624, 
6, 4e-06, 1, 0.0089539, 0.0090677, 
7, 5.7e-06, 1, 0.0182532, 0.0183321, 
1, 0, 0, 0.0009945, 
2, 0.0009663, 0, 0.0023072, 0.0044596, 
3, 0.0001311, 0, 0.0001758, 0.0002055, 
4, 9.2e-06, 1, 0.0300412, 0.0301064, 
5, 4e-06, 1, 0.0246659, 0.0247439, 
6, 7.6e-06, 1, 0.0075331, 0.007614, 
7, 4.4e-06, 1, 0.0267521, 0.0268293, 
1, 0, 0, 0.00109, 
2, 0.0008912, 0, 0.002619, 0.0036617, 
3, 9.5e-06, 1, 0.0252007, 0.0252725, 
4, 5.8e-06, 1, 0.0100632, 0.0101802, 
5, 6.5e-06, 1, 0.0212638, 0.0213768, 
1, 0, 0, 0.00112, 
2, 0.0009662, 0, 0.0020824, 0.0032844, 
3, 6.4e-06, 1, 0.0329095, 0.0329837, 
4, 0.000133, 1, 0.0061931, 0.0063396, 
5, 7.9e-06, 1, 0.0202339, 0.0203114, 
6, 3.7e-06, 1, 0.00622, 0.0063567, 
7, 4.1e-06, 1, 0.0194671, 0.0195471, 
1, 0, 0, 0.0007525, 
2, 0.0008155, 0, 0.0019853, 0.0037242, 
3, 5.8e-06, 1, 0.0238015, 0.0239109, 
4, 0.000124, 1, 0.0055139, 0.0055941, 
5, 7.5e-06, 1, 0.0192676, 0.0193441, 
6, 3.8e-06, 1, 0.0079533, 0.0080311, 
7, 3.9e-06, 1, 0.0112889, 0.011365, 
1, 0, 0, 0.0009345, 
2, 0.000506, 0, 0.0010547, 0.002578, 
3, 1.27e-05, 1, 0.034089, 0.0341819, 
4, 5.4e-06, 1, 0.0158206, 0.0159351, 
5, 0.0001575, 1, 0.0283907, 0.0284669, 
6, 8.3e-06, 1, 0.0062737, 0.0063586, 
7, 4.4e-06, 1, 0.0188203, 0.018906, 
1, 0, 0, 0.0010638, 
2, 0.0009065, 0, 0.002002, 0.0032058, 
3, 0.0004129, 0, 0.0009626, 0.0010294, 
4, 8.3e-06, 1, 0.0163963, 0.0164953, 
5, 6e-06, 0, 0.0005351, 0.0005988, 
6, 6.2e-06, 1, 0.0149478, 0.0150607, 
7, 6e-06, 1, 0.0214024, 0.0214785, 
1, 0, 0, 0.0009311, 
2, 0.0006701, 0, 0.001746, 0.0035064, 
3, 0.000242, 0, 0.0003214, 0.0005733, 
4, 1e-05, 1, 0.0304346, 0.0305541, 
5, 5.9e-06, 1, 0.031454, 0.0315532, 
6, 6.3e-06, 1, 0.0156594, 0.0157706, 
7, 4e-06, 1, 0.0209391, 0.0210151, 
1, 0, 0, 0.0017093, 
2, 0.0009542, 0, 0.0022546, 0.0032631, 
3, 9.8e-06, 1, 0.0602552, 0.0603148, 
4, 5.4e-06, 1, 0.0145278, 0.0146022, 
5, 3.8e-06, 1, 0.0147783, 0.0149433, 
6, 3.6e-06, 1, 0.009138, 0.0093089, 
7, 5.9e-06, 1, 0.0212586, 0.0213402, 
1, 0, 0, 0.0010578, 
2, 0.0007423, 0, 0.0021395, 0.0030034, 
3, 9e-06, 1, 0.131716, 0.131903, 
4, 6.5e-06, 1, 0.0156394, 0.0157184, 
5, 6.1e-06, 1, 0.0207222, 0.0208004, 
6, 6.2e-06, 1, 0.0161154, 0.0161894, 
7, 5.9e-06, 1, 0.0223612, 0.0224402, 
1, 0, 0, 0.0009342, 
2, 0.0009612, 0, 0.0018323, 0.0037577, 
3, 9.1e-06, 1, 0.0670798, 0.067139, 
4, 6.4e-06, 1, 0.027149, 0.0272497, 
5, 3.8e-06, 1, 0.0242867, 0.0243769, 
6, 0.0001779, 1, 0.0094023, 0.0095565, 
7, 2.69e-05, 1, 0.0178085, 0.0178964, 
1, 0, 0, 0.0010713, 
2, 0.0009413, 0, 0.0026833, 0.0035441, 
3, 1.49e-05, 1, 0.0259801, 0.0260804, 
4, 5.3e-06, 1, 0.0161913, 0.0162691, 
5, 3.5e-06, 1, 0.0180677, 0.018146, 
6, 0.0001307, 1, 0.0089799, 0.009196, 
7, 1.05e-05, 1, 0.018555, 0.0186347, 
1, 0, 0, 0.0011084, 
2, 0.0007344, 0, 0.0020946, 0.002827, 
3, 8.8e-06, 1, 0.0332689, 0.0333965, 
4, 4.8e-06, 1, 0.0164238, 0.0164946, 
5, 1.54e-05, 1, 0.0213069, 0.0213915, 
6, 0.0001249, 1, 0.0065433, 0.0066689, 
7, 1.21e-05, 1, 0.0182338, 0.0183055, 
1, 0, 0, 0.0011688, 
2, 0.0009486, 0, 0.0027, 0.0038256, 
3, 9.3e-06, 1, 0.0381769, 0.0382506, 
4, 4.4e-06, 1, 0.0137602, 0.0138367, 
5, 5.8e-06, 1, 0.0220388, 0.0221527, 
6, 5.9e-06, 1, 0.126703, 0.126787, 
7, 6.2e-06, 1, 0.0264168, 0.0265049, 
1, 0, 0, 0.0018676, 
2, 0.0009644, 0, 0.0032553, 0.0038656, 
1, 0, 0, 0.0013389, 
2, 0.0009528, 0, 0.0037799, 0.0047712, 
3, 9.4e-06, 1, 0.0324766, 0.0325459, 
4, 5.6e-06, 1, 0.0189659, 0.0190872, 
5, 7.8e-06, 1, 0.0224567, 0.0226072, 
6, 8.5e-06, 1, 0.0145443, 0.0146826, 
7, 6e-06, 1, 0.0177331, 0.017845, 
1, 0, 0, 0.0012322, 
2, 0.0005482, 0, 0.0011712, 0.001957, 
3, 1.1e-05, 1, 0.0458356, 0.0458929, 
4, 4e-06, 1, 0.0228189, 0.0229714, 
5, 4.8e-06, 1, 0.024745, 0.024826, 
6, 5.9e-06, 1, 0.0510257, 0.0511017, 
7, 6.6e-06, 1, 0.0353611, 0.0354665, 
1, 0, 0, 0.0012392, 
2, 0.0009579, 0, 0.0024875, 0.0035083, 
3, 9.3e-06, 1, 0.0390129, 0.0390722, 
4, 5.7e-06, 1, 0.0274757, 0.0275962, 
5, 6e-06, 1, 0.0338202, 0.0339257, 
6, 5.9e-06, 1, 0.0216505, 0.021729, 
7, 6e-06, 1, 0.0342926, 0.0343938, 
1, 0, 0, 0.0016135, 
2, 0.0009549, 0, 0.0022497, 0.0032606, 
3, 9.9e-06, 1, 0.0487935, 0.048887, 
4, 6e-06, 1, 0.0364079, 0.0364884, 
5, 5.9e-06, 1, 0.0439587, 0.0440371, 
6, 5.9e-06, 1, 0.0387735, 0.0388527, 
7, 7.4e-06, 1, 0.0293064, 0.0293868, 
1, 0, 0, 0.0013159, 
2, 0.000943, 0, 0.0021284, 0.0035981, 
3, 8.9e-06, 1, 0.0442519, 0.0443505, 
4, 5.5e-06, 1, 0.0356482, 0.035748, 
5, 4.9e-06, 0, 7.94e-05, 0.0001395, 
6, 5.1e-06, 1, 0.0298008, 0.0298794, 
7, 5e-06, 0, 0.0005333, 0.0005973, 
8, 5.9e-06, 1, 0.0302608, 0.0303433, 
9, 5.5e-06, 0, 7.89e-05, 0.0001342, 
10, 0.0002116, 1, 0.0397888, 0.0398671, 
1, 0, 0, 0.0015296, 
2, 0.000542, 0, 0.0015313, 0.0020702, 
3, 6.1e-06, 1, 0.0428749, 0.0429345, 
4, 6e-06, 1, 0.0404293, 0.0405084, 
5, 5.9e-06, 1, 0.0418171, 0.0418986, 
6, 6.2e-06, 1, 0.0451373, 0.0453283, 
7, 4.6e-06, 1, 0.0269045, 0.0271436, 
1, 0, 0, 0.0008536, 
2, 0.0009551, 0, 0.0024978, 0.00484, 
3, 6.7e-06, 1, 0.044912, 0.0449802, 
4, 5.9e-06, 1, 0.0208371, 0.0209167, 
5, 6.3e-06, 1, 0.0522067, 0.0523163, 
6, 5.7e-06, 1, 0.0471751, 0.0472727, 
7, 6e-06, 1, 0.0536621, 0.0537392, 
1, 0, 0, 0.0017115, 
2, 0.0009636, 0, 0.0026855, 0.0037062, 
3, 9.7e-06, 1, 0.0875508, 0.0876564, 
4, 0.0001786, 1, 0.0302769, 0.0304364, 
5, 6.1e-06, 1, 0.0510365, 0.0511411, 
6, 6.3e-06, 1, 0.0384112, 0.0385074, 
7, 6.3e-06, 1, 0.0692387, 0.0693402, 
1, 0, 0, 0.0014868, 
2, 0.000756, 0, 0.001952, 0.002715, 
3, 8.7e-06, 1, 0.0434533, 0.0438795, 
4, 3.5e-06, 1, 0.0220977, 0.0221834, 
5, 5.1e-06, 1, 0.0519637, 0.0520817, 
6, 5.4e-06, 1, 0.0430031, 0.0431742, 
7, 6.1e-06, 1, 0.0389111, 0.0389957, 
1, 0, 0, 0.0009612, 
2, 0.0009916, 1, 0.0216172, 0.0229531, 
3, 1.53e-05, 1, 0.0520328, 0.0521869, 
4, 5.5e-06, 1, 0.0336393, 0.0337947, 
5, 5.4e-06, 1, 0.0454541, 0.0455286, 
6, 5.5e-06, 1, 0.0443841, 0.0444604, 
7, 6e-06, 1, 0.0600883, 0.0601941, 
1, 0, 0, 0.002425, 
2, 0.0009748, 0.0193322, 0.0198747, 
3, 1.22e-05, 0.0555434, 0.0556272, 
4, 5.3e-06, 0.0393833, 0.0394904, 
5, 5.6e-06, 0.0363467, 0.0364238, 
6, 5.7e-06, 0.0413279, 0.0414633, 
7, 5.7e-06, 0.0514016, 0.0514728, 
1, 0, 0, 0.0010317, 
2, 0.0009653, 0.0269645, 0.0279807, 
3, 9.1e-06, 0.0503768, 0.0504468, 
4, 5.9e-06, 0.0391545, 0.0392411, 
5, 6e-06, 0.0424171, 0.0424904, 
6, 5.5e-06, 0.0290429, 0.0291098, 
7, 6.2e-06, 0.050037, 0.0501849, 
1, 0, 0, 0.0022539, 
2, 0.0009822, 0.0368897, 0.0381615, 
3, 8.7e-06, 0.0244605, 0.0245587, 
4, 5.8e-06, 0.0297502, 0.0299423, 
5, 6e-06, 0.0211056, 0.0212041, 
6, 6.5e-06, 0.0201588, 0.0203241, 
7, 8.9e-06, 0.016349, 0.0164977, 
8, 6.6e-06, 0.0150548, 0.0151608, 
9, 6.5e-06, 0.020706, 0.0208418, 
10, 0.000233, 0.0201318, 0.0202301, 
1, 0, 0, 0.0019723, 
2, 0.0013301, 0.0332445, 0.0353055, 
3, 0.0002945, 0.0205792, 0.0208266, 
4, 1.2e-05, 0.0195959, 0.0196878, 
5, 6.5e-06, 0.0142378, 0.0143738, 
6, 5.8e-06, 0.0201544, 0.0202927, 
7, 1.94e-05, 0.0359899, 0.0361317, 
8, 5.7e-06, 0.0185517, 0.0186897, 
9, 6.1e-06, 0.0316531, 0.0318927, 
10, 9.1e-06, 0.0191197, 0.0192607, 
1, 0, 0, 0.0019068, 
2, 0.001259, 0.0538515, 0.0558189, 
3, 1.3e-05, 0.0796609, 0.0798078, 
4, 4.3e-06, 0.0102347, 0.0103697, 
5, 5.7e-06, 0.0355239, 0.0356782, 
6, 0.0002448, 0.0139867, 0.0141206, 
7, 7.9e-06, 0.0354125, 0.0355472, 
8, 2.08e-05, 0.0320729, 0.0322066, 
1, 0, 0, 0.0019872, 
2, 0.0014209, 0.0302129, 0.0319359, 
3, 1.43e-05, 0.0481313, 0.048271, 
4, 5.01e-05, 0.0220885, 0.0222246, 
5, 5.4e-06, 0.0410156, 0.0411501, 
6, 5.2e-06, 0.0159079, 0.016141, 
7, 1.63e-05, 0.034109, 0.0342821, 
8, 5.2e-06, 0.0458724, 0.0460141, 
1, 0, 0, 0.0022219, 
2, 0.0009512, 0.0283566, 0.0309689, 
3, 1.02e-05, 0.041351, 0.0418049, 
4, 7.4e-06, 0.0234778, 0.0236186, 
5, 5.7e-06, 0.0367119, 0.0368479, 
6, 5.35e-05, 0.0173089, 0.0174429, 
7, 6.1e-06, 0.0367848, 0.0369203, 
8, 5.7e-06, 0.041851, 0.0419799, 
1, 0, 0, 0.0022833, 
2, 0.0014191, 0.0246, 0.0259839, 
3, 8.6e-06, 0.0549138, 0.0550459, 
4, 5.1e-06, 0.0255943, 0.0257299, 
5, 1e-05, 0.0378042, 0.0379398, 
6, 4.69e-05, 0.0225372, 0.022671, 
7, 5.9e-06, 0.0345834, 0.0347166, 
8, 6.1e-06, 0.0403727, 0.0405071, 
1, 0, 0, 0.0023351, 
2, 0.0009678, 0.0247807, 0.0261316, 
3, 9e-06, 0.0679605, 0.0680639, 
4, 5.8e-06, 0.0343193, 0.0344656, 
5, 5.7e-06, 0.0434221, 0.0435568, 
6, 5.7e-06, 0.0223935, 0.0225278, 
7, 7.7e-06, 0.0479688, 0.0481025, 
8, 5.5e-06, 0.0524268, 0.0525705, 
1, 0, 0, 0.0019865, 
2, 0.0014224, 0.0278883, 0.0297083, 
3, 8.5e-06, 0.0683938, 0.0685295, 
4, 5.3e-06, 0.0254132, 0.0255484, 
5, 5.2e-06, 0.0478434, 0.0479764, 
6, 5.6e-06, 0.0254627, 0.0255992, 
7, 8.2e-06, 0.0387467, 0.0389254, 
8, 7.8e-06, 0.0595628, 0.0596975, 
1, 0, 0, 0.002963, 
2, 0.0012682, 0.028461, 0.0304655, 
3, 8.7e-06, 0.0644845, 0.0646193, 
4, 5.4e-06, 0.0391496, 0.0392839, 
5, 5.6e-06, 0.0502496, 0.0503825, 
6, 5.9e-06, 0.0331907, 0.0333354, 
7, 6e-06, 0.0567933, 0.0569319, 
8, 5.7e-06, 0.0596617, 0.0597961, 
1, 0, 0, 0.0018597, 
2, 0.0009623, 0.0272879, 0.0284652, 
3, 1.15e-05, 0.0401892, 0.0403245, 
4, 5e-06, 0.0212757, 0.021411, 
5, 5.9e-06, 0.0347872, 0.0349539, 
6, 7.7e-06, 0.0193302, 0.0194282, 
7, 6.2e-06, 0.0295033, 0.0296397, 
8, 5.8e-06, 0.0406987, 0.0408546, 
1, 0, 0, 0.0021952, 
2, 0.0015915, 0.0247501, 0.0262346, 
3, 0.0001059, 0.0508122, 0.050964, 
4, 4.45e-05, 0.0403766, 0.040516, 
5, 5.1e-06, 0.042849, 0.0430104, 
6, 7e-06, 0.0262656, 0.0264089, 
7, 6.3e-06, 0.0360189, 0.0361597, 
8, 5.9e-06, 0.0438476, 0.0439807, 
1, 0, 0, 0.0018574, 
2, 0.001285, 0.0221314, 0.0234595, 
3, 1.04e-05, 0.0575555, 0.0577043, 
4, 5.5e-06, 0.018931, 0.0190646, 
5, 5.6e-06, 0.0414101, 0.0415448, 
6, 5.6e-06, 0.0296299, 0.029765, 
7, 5.6e-06, 0.0366352, 0.0367699, 
8, 6.1e-06, 0.0441899, 0.0443979, 
9, 6.2e-06, 0.0305811, 0.0307112, 
10, 1.02e-05, 0.0299121, 0.0300458, 
1, 0, 0, 0.0027439, 
2, 0.0010798, 0.0270794, 0.0290289, 
3, 1.67e-05, 0.051344, 0.0514976, 
4, 5.4e-06, 0.0216589, 0.0217928, 
5, 0.0002278, 0.0625039, 0.0626379, 
6, 6.3e-06, 0.0232287, 0.0233349, 
7, 6.1e-06, 0.012252, 0.0123854, 
8, 6.3e-06, 0.0455621, 0.0456727, 
9, 6.1e-06, 0.0348047, 0.0349398, 
10, 1.34e-05, 0.0472537, 0.0473388, 
11, 1.02e-05, 0.0185241, 0.0186576, 
12, 6.3e-06, 0.0387473, 0.038868, 
1, 0, 0, 0.0012482, 
2, 0.0012016, 0.0216696, 0.0227581, 
3, 8.7e-06, 0.0253558, 0.0254898, 
4, 5.5e-06, 0.0185718, 0.0186761, 
5, 7.9e-06, 0.0315039, 0.0316357, 
6, 4.89e-05, 0.0130262, 0.0131673, 
7, 7.8e-06, 0.025578, 0.0259917, 
8, 8.4e-06, 0.0248389, 0.0249926, 
9, 6.1e-06, 0.0255047, 0.0256381, 
10, 0.0002843, 0.0187658, 0.0189019, 
11, 6.1e-06, 0.0310815, 0.0312291, 
12, 5.9e-06, 0.0099654, 0.0100777, 
1, 0, 0, 0.001351, 
2, 0.0014936, 0.0263179, 0.0275748, 
3, 1.31e-05, 0.0360701, 0.036214, 
4, 0.000346, 0.0114326, 0.0115665, 
5, 3.54e-05, 0.0351074, 0.0352422, 
6, 9e-06, 0.0135031, 0.0137182, 
7, 5.9e-06, 0.0250834, 0.0252178, 
1, 0, 0, 0.0010901, 
2, 0.0019325, 0.0237429, 0.0252907, 
3, 1.31e-05, 0.035201, 0.0354699, 
4, 0.0002798, 0.0091559, 0.0093933, 
5, 1.23e-05, 0.0280819, 0.0282135, 
6, 7.3e-06, 0.0127253, 0.0128598, 
7, 7.7e-06, 0.0277131, 0.0280211, 
1, 0, 0, 0.0009945, 
2, 0.0014286, 0.0312803, 0.0326941, 
3, 8.7e-06, 0.0354014, 0.0356888, 
4, 0.0002212, 0.0128236, 0.0129727, 
5, 2.84e-05, 0.0298954, 0.0300515, 
6, 8.2e-06, 0.0141362, 0.0142626, 
7, 8.1e-06, 0.0231674, 0.0233037, 
1, 0, 0, 0.0014208, 
2, 0.0008822, 0.0241761, 0.0261176, 
3, 0.0003796, 0.0154903, 0.0156328, 
4, 2.59e-05, 0.0144473, 0.0145916, 
5, 9.1e-06, 0.0284206, 0.0285582, 
6, 6.9e-06, 0.0137536, 0.0138909, 
7, 6.3e-06, 0.0239324, 0.0240672, 
1, 0, 0, 0.0003527, 
2, 0.0005466, 0.026067, 0.026767, 
3, 7e-06, 0.0258378, 0.0259245, 
4, 4.5e-06, 0.0103714, 0.0104806, 
5, 5.2e-06, 0.0200844, 0.0201605, 
1, 0, 0, 0.0003369, 
2, 0.0005333, 0.008236, 0.0091771, 
3, 5.6e-06, 0.0192672, 0.0193312, 
4, 4.5e-06, 0.0054846, 0.00555, 
5, 3.4e-06, 0.0176307, 0.0176935, 
1, 0, 0, 1.2e-06, 
2, 2.5e-06, 0.0419075, 0.0419275, 
3, 1.3e-06, 0.0192724, 0.019289, 
4, 6e-07, 0.0052921, 0.0053054, 
5, 2.1e-06, 0.0130294, 0.0130427, 
1, 0, 0, 1.2e-06, 
2, 9e-07, 0.008979, 0.0089984, 
3, 1e-06, 0.0102668, 0.0102804, 
4, 4e-07, 0.004463, 0.0044761, 
5, 1.6e-06, 0.0115895, 0.0116029, 
1, 0, 0, 1e-06, 
2, 9e-07, 0.0080365, 0.0080602, 
3, 5e-07, 0.0091065, 0.0091304, 
4, 5e-07, 0.0045351, 0.0046086, 
5, 7e-07, 0.0098058, 0.0098204, 
1, 0, 0, 1.1e-06, 
2, 8e-07, 0.0051518, 0.0051656, 
3, 4e-07, 0.0100593, 0.0100802, 
4, 8e-07, 0.0062869, 0.0063059, 
5, 7e-07, 0.0117472, 0.011761, 
1, 0, 0, 1e-06, 
2, 5e-07, 0.0056095, 0.0056285, 
3, 1e-06, 0.0097218, 0.0097362, 
4, 5e-07, 0.0048861, 0.0049007, 
5, 6e-07, 0.0085333, 0.0085476, 
1, 0, 0, 1.1e-06, 
2, 1e-06, 0.0055756, 0.0055901, 
3, 9e-07, 0.0144939, 0.0145069, 
4, 7e-07, 0.004882, 0.0048964, 
5, 6e-07, 0.0098744, 0.0098925, 
1, 0, 0, 8e-07, 
2, 6e-07, 0.0076261, 0.0076431, 
3, 8e-07, 0.0148594, 0.0148729, 
4, 7e-07, 0.0049378, 0.0049531, 
5, 5e-07, 0.0085174, 0.0085308, 
1, 0, 0, 1e-06, 
2, 8e-07, 0.0092694, 0.0092847, 
3, 8e-07, 0.0094194, 0.0094333, 
4, 8e-07, 0.0055289, 0.005547, 
5, 6e-07, 0.0104005, 0.0104164, 
1, 0, 0, 1.3e-06, 
2, 7e-07, 0.0088968, 0.0089244, 
3, 1.3e-06, 0.0102587, 0.0102771, 
4, 1.5e-06, 0.00684, 0.0068558, 
5, 5e-07, 0.0121205, 0.0121336, 
1, 0, 0, 1.2e-06, 
2, 9e-07, 0.0082882, 0.0083036, 
3, 8e-07, 0.0105837, 0.0105969, 
4, 3.3e-06, 0.006144, 0.0061614, 
5, 5e-07, 0.0112868, 0.0113002, 
1, 0, 0, 1.5e-06, 
2, 5e-07, 0.0056376, 0.0056522, 
3, 5e-07, 0.0096468, 0.0096663, 
4, 9e-07, 0.0048803, 0.0049018, 
5, 9e-07, 0.0099941, 0.0100076, 
1, 0, 0, 2.6e-06, 
2, 1.6e-06, 0.0083306, 0.0083505, 
3, 5e-07, 0.0083637, 0.0083805, 
4, 5e-07, 0.0044832, 0.0045183, 
5, 4e-07, 0.0156453, 0.0157301, 
1, 0, 0, 1e-06, 
2, 4e-07, 0.0046111, 0.0046316, 
3, 7e-07, 0.0088579, 0.0088777, 
4, 4e-07, 0.004494, 0.0045147, 
5, 5e-07, 0.0086057, 0.0086349, 
1, 0, 0, 1.3e-06, 
2, 9e-07, 0.0085216, 0.0085965, 
3, 7e-07, 0.0120287, 0.012043, 
4, 9e-07, 0.008548, 0.0085627, 
5, 6e-07, 0.0113051, 0.0113207, 
1, 0, 0, 1e-06, 
2, 4e-07, 0.0045074, 0.0045251, 
3, 4e-07, 0.008591, 0.0086106, 
4, 5e-07, 0.0043585, 0.0043873, 
5, 1e-06, 0.0079799, 0.0079984, 
1, 0, 0, 1e-06, 
2, 5e-07, 0.0049544, 0.0049704, 
3, 6e-07, 0.0093711, 0.0093866, 
4, 8e-07, 0.0044907, 0.0045072, 
5, 7e-07, 0.0107963, 0.0108212, 
1, 0, 0, 9e-07, 
2, 4e-07, 0.0047251, 0.0047448, 
3, 5e-07, 0.0082661, 0.0082828, 
4, 5e-07, 0.0045938, 0.0046132, 
5, 5e-07, 0.0085533, 0.0085747, 
1, 0, 0, 1.1e-06, 
2, 8e-07, 0.0091252, 0.0091831, 
3, 6e-07, 0.011631, 0.0116875, 
1, 0, 0, 1.3e-06, 
2, 9e-07, 0.0079186, 0.0079407, 
3, 7e-07, 0.0096836, 0.0097034, 
1, 0, 0, 1e-06, 
2, 8e-07, 0.0067114, 0.0067315, 
3, 5e-07, 0.0093879, 0.0094017, 
4, 5e-07, 0.0045513, 0.0045679, 
5, 5e-07, 0.0087466, 0.0087656, 
1, 0, 0, 1.5e-06, 
2, 8e-07, 0.0058731, 0.0058878, 
3, 5e-07, 0.0110283, 0.0110851, 
4, 9e-07, 0.0063265, 0.0063486, 
5, 8e-07, 0.0100759, 0.0100914, 
1, 0, 0, 1e-06, 
2, 1.3e-06, 0.0111394, 0.0111783, 
3, 7e-07, 0.0167794, 0.0167989, 
4, 3.1e-06, 0.0092618, 0.0092907, 
5, 1.5e-06, 0.0176709, 0.017701, 
1, 0, 0, 1.1e-06, 
2, 7e-07, 0.0050867, 0.0051038, 
3, 5e-07, 0.0099563, 0.0099769, 
4, 6e-07, 0.0057601, 0.0057772, 
5, 5e-07, 0.0097479, 0.0097637, 
1, 0, 0, 1.1e-06, 
2, 7e-07, 0.0064567, 0.0064783, 
3, 5e-07, 0.0102496, 0.0102654, 
4, 5e-07, 0.0045631, 0.0045801, 
5, 1e-06, 0.0118216, 0.0118373, 
1, 0, 0, 1.1e-06, 
2, 8e-07, 0.0084455, 0.0084652, 
3, 5e-07, 0.0089529, 0.0089677, 
4, 9e-07, 0.0053128, 0.0053317, 
5, 1.8e-06, 0.0085591, 0.0085765, 
1, 0, 0, 1.1e-06, 
2, 9e-07, 0.0085826, 0.0086007, 
3, 8e-07, 0.0104751, 0.0104953, 
4, 2.3e-06, 0.0067535, 0.0068059, 
5, 6e-07, 0.0177014, 0.017718, 
1, 0, 0, 1.9e-06, 
2, 7e-07, 0.0078202, 0.0078581, 
3, 6e-07, 0.0106302, 0.0106488, 
4, 6e-07, 0.0051788, 0.0051951, 
5, 2.05e-05, 0.0092515, 0.0092773, 
1, 0, 0, 1e-06, 
2, 4e-07, 0.0044145, 0.0044308, 
3, 6e-07, 0.0235878, 0.0236033, 
4, 4e-07, 0.0073465, 0.0073639, 
5, 6e-07, 0.0102959, 0.0103102, 
1, 0, 0, 1.3e-06, 
2, 8e-07, 0.0047024, 0.0047385, 
3, 1.7e-06, 0.0090841, 0.009106, 
4, 6e-07, 0.0046303, 0.004752, 
5, 6e-07, 0.0086055, 0.0086208, 
1, 0, 0, 1e-06, 
2, 8e-07, 0.0085679, 0.0085951, 
3, 1e-06, 0.0142461, 0.0142634, 
4, 6e-07, 0.0067535, 0.0067949, 
5, 4e-07, 0.0123781, 0.0123949, 
1, 0, 0, 1.1e-06, 
2, 6e-07, 0.0094763, 0.0094954, 
3, 9e-07, 0.0132497, 0.0132666, 
4, 4e-07, 0.0054373, 0.0054546, 
5, 7e-07, 0.0117476, 0.0117641, 
1, 0, 0, 1.2e-06, 
2, 8e-07, 0.0098426, 0.0098587, 
3, 5e-07, 0.0122941, 0.0123097, 
4, 7e-07, 0.0052404, 0.0052806, 
5, 5e-07, 0.0117908, 0.011807, 
1, 0, 0, 1.1e-06, 
2, 8e-07, 0.0084524, 0.0084684, 
3, 2.04e-05, 0.0122571, 0.0122912, 
4, 5e-07, 0.0047016, 0.0047187, 
5, 8e-07, 0.0119771, 0.0119901, 
1, 0, 0, 1.2e-06, 
2, 8e-07, 0.0083023, 0.0083207, 
3, 7e-07, 0.0108408, 0.0108676, 
4, 4e-07, 0.0053552, 0.0053711, 
5, 4e-07, 0.0132142, 0.0132393, 
1, 0, 0, 1e-06, 
2, 1.1e-06, 0.0081043, 0.008125, 
3, 8e-07, 0.0108182, 0.0108339, 
4, 1.2e-06, 0.006625, 0.006641, 
5, 1e-06, 0.0097702, 0.0097859, 
1, 0, 0, 1.6e-06, 
2, 7e-07, 0.0080845, 0.0081061, 
3, 1e-06, 0.0109708, 0.0109891, 
4, 2.3e-06, 0.0073948, 0.0074137, 
5, 5e-07, 0.0154854, 0.0155046, 
1, 0, 0, 1.6e-06, 
2, 1.1e-06, 0.0081977, 0.0082201, 
3, 6e-07, 0.0088859, 0.0089027, 
4, 5e-07, 0.0046642, 0.0046804, 
5, 5e-07, 0.0094427, 0.0094744, 
1, 0, 0, 1e-06, 
2, 8e-07, 0.0081402, 0.0081618, 
3, 7e-07, 0.0106174, 0.0106332, 
4, 4e-07, 0.0046486, 0.0046652, 
5, 4e-07, 0.008711, 0.0087261, 
1, 0, 0, 1.1e-06, 
2, 7e-07, 0.0077761, 0.0077939, 
3, 7e-07, 0.0111158, 0.0111323, 
4, 4e-07, 0.0048209, 0.004836, 
5, 4e-07, 0.0084998, 0.0085153, 
1, 0, 0, 8e-07, 
2, 7e-07, 0.0044927, 0.0045094, 
3, 5e-07, 0.0101219, 0.0101398, 
4, 1e-06, 0.0073677, 0.007389, 
5, 6e-07, 0.0162248, 0.0162404, 
6, 7e-07, 0.0046927, 0.0047099, 
1, 0, 0, 5e-07, 
2, 1.3e-06, 0.0046574, 0.0046737, 
3, 4e-07, 0.0060228, 0.0060425, 
4, 6e-07, 0.00551, 0.0055476, 
5, 5e-07, 0.0056063, 0.0056263, 
1, 0, 0, 1.2e-06, 
2, 8e-07, 0.0077844, 0.0078093, 
3, 5e-07, 0.0166026, 0.016619, 
4, 5e-07, 0.0069802, 0.0069953, 
5, 8e-07, 0.0100957, 0.0101208, 
1, 0, 0, 1e-06, 
2, 6e-07, 0.0109449, 0.0109879, 
3, 5e-07, 0.0156064, 0.0156264, 
4, 8e-07, 0.0058463, 0.0058628, 
5, 6e-07, 0.0125322, 0.0125487, 
1, 0, 0, 1.1e-06, 
2, 8e-07, 0.0118373, 0.0118587, 
3, 7e-07, 0.012498, 0.0125145, 
4, 1.64e-05, 0.0049222, 0.0049392, 
5, 7e-07, 0.0099387, 0.0099686, 
1, 0, 0, 1.1e-06, 
2, 8e-07, 0.0079632, 0.0079829, 
3, 7e-07, 0.0166271, 0.0166557, 
4, 4e-07, 0.0046441, 0.0046604, 
5, 5e-07, 0.011444, 0.0114598, 
1, 0, 0, 9e-07, 
2, 4e-07, 0.0110287, 0.0110496, 
3, 4e-07, 0.0122109, 0.0122271, 
4, 1.1e-06, 0.0060161, 0.0060409, 
5, 4e-07, 0.0092468, 0.0093023, 
1, 0, 0, 1.2e-06, 
2, 9e-07, 0.0106422, 0.0106662, 
3, 8e-07, 0.0124804, 0.0124999, 
4, 5e-07, 0.0055383, 0.0055544, 
5, 1.1e-06, 0.0109187, 0.010931, 
1, 0, 0, 1.1e-06, 
2, 9e-07, 0.0079668, 0.0079857, 
3, 6e-07, 0.0131637, 0.0131922, 
4, 4e-07, 0.0068346, 0.0068528, 
5, 4e-07, 0.0124475, 0.0124619, 
1, 0, 0, 1.1e-06, 
2, 7e-07, 0.0098814, 0.0098972, 
3, 5e-07, 0.0153512, 0.0153673, 
4, 7e-07, 0.0069285, 0.0069456, 
5, 2.04e-05, 0.0098578, 0.0098744, 
1, 0, 0, 1.3e-06, 
2, 7e-07, 0.0145118, 0.0145254, 
3, 7e-07, 0.0161697, 0.0162386, 
4, 4e-07, 0.0119105, 0.0119308, 
5, 1e-06, 0.0141698, 0.0142067, 
1, 0, 0, 6e-07, 
2, 5e-07, 0.0051613, 0.0051752, 
3, 5e-07, 0.0049872, 0.0050029, 
4, 5e-07, 0.0072121, 0.0072575, 
5, 6e-07, 0.0063173, 0.0063451, 
1, 0, 0, 1.1e-06, 
2, 1.6e-06, 0.0065328, 0.0065533, 
3, 5e-07, 0.0105144, 0.0105301, 
4, 5e-07, 0.0056278, 0.0056456, 
5, 5e-07, 0.0104952, 0.0105122, 
1, 0, 0, 1.2e-06, 
2, 7e-07, 0.0105802, 0.0106015, 
3, 5e-07, 0.0129754, 0.0129921, 
4, 1.8e-06, 0.0056416, 0.0056557, 
5, 5e-07, 0.0105935, 0.0106112, 
1, 0, 0, 2.2e-06, 
2, 5e-07, 0.0106298, 0.010644, 
3, 4e-07, 0.0128656, 0.0128861, 
4, 4e-07, 0.0055709, 0.0055856, 
5, 5e-07, 0.0126427, 0.0126579, 
1, 0, 0, 1.2e-06, 
2, 7e-07, 0.0084123, 0.0084479, 
3, 1.1e-06, 0.0112663, 0.0112902, 
4, 4e-07, 0.0054292, 0.0054427, 
5, 5e-07, 0.0129466, 0.0129627, 
6, 9e-07, 0.0154096, 0.0154291, 
7, 1.1e-06, 0.0205884, 0.0206069, 
1, 0, 0, 1.3e-06, 
2, 1.4e-06, 0.0113818, 0.0113963, 
3, 5e-07, 0.0120388, 0.0120548, 
4, 4e-07, 0.0053703, 0.0053872, 
5, 8e-07, 0.0101745, 0.0101877, 
6, 8e-07, 0.0096023, 0.0096237, 
7, 1.6e-06, 0.0215984, 0.0216185, 
8, 1.1e-06, 0.0173718, 0.0173925, 
9, 1e-06, 0.0087239, 0.0087434, 
10, 1.2e-06, 0.0262992, 0.0263185, 
1, 0, 0, 1e-06, 
2, 8e-07, 0.0131287, 0.0131491, 
3, 1.2e-06, 0.0190869, 0.0191035, 
4, 5e-07, 0.0056253, 0.0056425, 
5, 4e-07, 0.0118838, 0.0119046, 
6, 1.7e-06, 0.01335, 0.0133721, 
7, 5e-07, 0.0219548, 0.0219749, 
8, 9e-07, 0.0198588, 0.0198742, 
9, 1.4e-06, 0.0203739, 0.0203905, 
10, 2.1e-06, 0.0101663, 0.0101892, 
11, 1.1e-06, 0.0240805, 0.0241013, 
12, 1.1e-06, 0.0218933, 0.0219124, 
13, 1e-06, 0.0231396, 0.0231617, 
14, 1.1e-06, 0.0081057, 0.0081274, 
15, 1.1e-06, 0.0207319, 0.0207534, 
16, 1.4e-06, 0.0271065, 0.0271235, 
17, 1.3e-06, 0.0221921, 0.022219, 
18, 1.1e-06, 0.0186355, 0.0186557, 
19, 6e-07, 0.016038, 0.0160582, 
20, 1.9e-06, 0.020778, 0.0209876, 
1, 0, 0, 7.7e-06, 
1, 0, 0, 1.9e-06, 
1, 0, 0, 1.5e-06, 
1, 0, 0, 1.6e-06, 
2, 7e-07, 0.0185641, 0.0185833, 
3, 1.1e-06, 0.0199756, 0.0199968, 
1, 0, 0, 1.1e-06, 
2, 7e-07, 0.0139196, 0.0139396, 
3, 8e-07, 0.0163609, 0.0163856, 
4, 8e-07, 0.0223919, 0.0224108, 
1, 0, 0, 1.2e-06, 
2, 8e-07, 0.0141808, 0.0142837, 
3, 1.2e-06, 0.0283686, 0.0283888, 
4, 8e-07, 0.0093344, 0.009358, 
5, 6e-07, 0.0201668, 0.0201979, 
6, 1.1e-06, 0.0134443, 0.013463, 
7, 9e-07, 0.0208398, 0.0208578, 
8, 2.2e-06, 0.0158664, 0.0158876, 
9, 8e-07, 0.0181004, 0.0181179, 
10, 9e-07, 0.0080852, 0.0081111, 
1, 0, 0, 1.4e-06, 
2, 1.1e-06, 0.0168679, 0.0168936, 
3, 1.5e-06, 0.0240198, 0.0240413, 
4, 1.1e-06, 0.0088167, 0.008837, 
5, 8e-07, 0.021661, 0.0216784, 
6, 1.3e-06, 0.0160431, 0.0160629, 
1, 0, 0, 1.1e-06, 
2, 8e-07, 0.0169338, 0.0169539, 
3, 1e-06, 0.0214326, 0.0214583, 
4, 1e-06, 0.0085672, 0.0086181, 
5, 6e-07, 0.0165586, 0.0165743, 
6, 7e-07, 0.0117487, 0.0117731, 
7, 1e-06, 0.0216261, 0.0216477, 
1, 0, 0, 1.4e-06, 
2, 9e-07, 0.0113632, 0.0113967, 
3, 8e-07, 0.0233252, 0.0233455, 
4, 6e-07, 0.0124915, 0.0125077, 
5, 9e-07, 0.0224042, 0.0224211, 
6, 6e-07, 0.0112615, 0.011276, 
7, 1.1e-06, 0.0209984, 0.021016, 
8, 1e-06, 0.0165597, 0.0165766, 
9, 1.1e-06, 0.0225162, 0.0225347, 
10, 1e-06, 0.0078116, 0.007827, 
11, 1e-06, 0.0150287, 0.0150457, 
12, 1.1e-06, 0.0255503, 0.0255655, 
13, 1.2e-06, 0.0212307, 0.0212499, 
14, 1.1e-06, 0.0070998, 0.0071181, 
15, 1.4e-06, 0.0203293, 0.0203454, 
16, 8e-07, 0.01714, 0.0171685, 
17, 1.1e-06, 0.0171735, 0.017189, 
18, 1.3e-06, 0.0133388, 0.0133615, 
19, 1e-06, 0.019575, 0.0195927, 
20, 1.2e-06, 0.0213866, 0.0214089, 
1, 0, 0, 1.5e-06, 
2, 8e-07, 0.0222089, 0.0222288, 
3, 7e-07, 0.0266631, 0.0266851, 
4, 1.3e-06, 0.0157393, 0.0157601, 
5, 9e-07, 0.0229562, 0.0229726, 
6, 5e-07, 0.0120316, 0.0120501, 
7, 9e-07, 0.0222315, 0.0222475, 
8, 9e-07, 0.0187532, 0.0187715, 
9, 1.1e-06, 0.0168492, 0.0168672, 
10, 5e-07, 0.0056804, 0.0057066, 
11, 1.1e-06, 0.0158143, 0.0158317, 
12, 1.4e-06, 0.0165626, 0.0165881, 
13, 9e-07, 0.0208943, 0.0209123, 
14, 1e-06, 0.0084417, 0.008468, 
15, 9e-07, 0.0128355, 0.012851, 
16, 1e-06, 0.0227597, 0.0227875, 
17, 1.1e-06, 0.0170024, 0.0170178, 
18, 1e-06, 0.0118187, 0.0118346, 
19, 1.6e-06, 0.0272783, 0.0272987, 
20, 1.1e-06, 0.0115674, 0.0115866, 
21, 1.6e-06, 0.0180629, 0.0180797, 
22, 1.1e-06, 0.0071426, 0.0071593, 
23, 1e-06, 0.0221164, 0.0221392, 
24, 1.1e-06, 0.02113, 0.0211479, 
25, 1.1e-06, 0.023399, 0.0234161, 
26, 1.3e-06, 0.0164057, 0.0164247, 
27, 1.1e-06, 0.0193167, 0.0193353, 
28, 6e-07, 0.0159822, 0.0159961, 
29, 1.7e-06, 0.0218922, 0.0219138, 
30, 1.2e-06, 0.0076316, 0.0076552, 
31, 1e-06, 0.0192616, 0.0192819, 
32, 1.2e-06, 0.0219411, 0.022, 
33, 1.5e-06, 0.0215705, 0.0215902, 
34, 1e-06, 0.0177169, 0.0177356, 
35, 1.4e-06, 0.0292293, 0.029248, 
36, 1.3e-06, 0.0088363, 0.0088583, 
37, 1e-06, 0.0165019, 0.0165215, 
38, 2.4e-06, 0.0166223, 0.0166381, 
39, 1.3e-06, 0.0222336, 0.0222498, 
40, 1.1e-06, 0.0183576, 0.018382, 
41, 1.9e-06, 0.0118742, 0.011891, 
42, 9e-07, 0.0144914, 0.0145076, 
43, 1.1e-06, 0.0135653, 0.0135813, 
44, 7e-07, 0.0119415, 0.0119583, 
45, 1e-06, 0.0171533, 0.0171699, 
46, 5e-07, 0.0092921, 0.0093122, 
47, 9e-07, 0.0082518, 0.0082699, 
48, 6e-07, 0.0106604, 0.0106785, 
49, 1.4e-06, 0.0198111, 0.0198305, 
1, 0, 0, 1.2e-06, 
2, 2.2e-06, 0.0395354, 0.0395528, 
3, 8e-07, 0.0145596, 0.0146058, 
4, 5e-07, 0.0051016, 0.0051151, 
5, 5e-07, 0.0091677, 0.0091801, 
1, 0, 0, 1e-06, 
2, 7e-07, 0.0062231, 0.0062491, 
3, 8e-07, 0.0219256, 0.0219398, 
4, 1.1e-06, 0.0048554, 0.0048687, 
5, 4e-07, 0.0098777, 0.0098903, 
1, 0, 0, 1e-06, 
2, 8e-07, 0.0143467, 0.0143622, 
3, 8e-07, 0.0178278, 0.0178436, 
4, 1.1e-06, 0.006978, 0.0069953, 
1, 0, 0, 1.2e-06, 
2, 6e-07, 0.0125335, 0.0125534, 
3, 2.4e-06, 0.0219279, 0.0219452, 
4, 9e-07, 0.0188614, 0.0188804, 
1, 0, 0, 1e-06, 
2, 8e-07, 0.0158713, 0.0158937, 
3, 8e-07, 0.0242834, 0.0243028, 
4, 1e-06, 0.0075984, 0.0076121, 
5, 9e-07, 0.0255057, 0.0255271, 
1, 0, 0, 1.1e-06, 
2, 8e-07, 0.0094021, 0.0094199, 
3, 5e-07, 0.0126808, 0.012699, 
4, 5e-07, 0.0051715, 0.0051876, 
5, 5e-07, 0.0104181, 0.010453, 
1, 0, 0, 4.5e-06, 
2, 8e-07, 0.0193258, 0.0193471, 
3, 9e-07, 0.0242918, 0.0243096, 
4, 9e-07, 0.0172337, 0.0172543, 
1, 0, 0, 2.8e-06, 
2, 8e-07, 0.009494, 0.0095132, 
3, 9e-07, 0.0215724, 0.0215876, 
4, 8e-07, 0.0087838, 0.0088198, 
1, 0, 0, 3.1e-06, 
2, 8e-07, 0.0116774, 0.0116957, 
3, 9e-07, 0.0236902, 0.0237096, 
4, 6e-07, 0.0051186, 0.0051368, 
1, 0, 0, 3.7e-06, 
2, 8e-07, 0.0182937, 0.0183133, 
3, 8e-07, 0.0249711, 0.0249911, 
