0.0255947, 
7e-07, 
0.0266735, 
1e-06, 
0.0345903, 
0.0013324, 
0.0124193, 
1.3e-06, 
0.0104947, 
3.9e-06, 
0.0130918, 
9e-07, 
0.0129626, 
1.5e-06, 
0.0022441, 
1.7e-06, 
0.0190882, 
8e-07, 
0.0143616, 
2.7e-06, 
0.0015284, 
1.6e-06, 
0.0199135, 
9e-07, 
0.0152373, 
1.3e-06, 
0.0055114, 
4.1e-06, 
0.0224228, 
7e-07, 
0.0017229, 
1.5e-06, 
0.017176, 
1.1e-06, 
0.0122801, 
1.2e-06, 
2.4e-06, 
0.0025375, 
1.5e-06, 
0.0172214, 
1.5e-06, 
0.0115231, 
1.9e-06, 
0.009166, 
2.2e-06, 
0.0023185, 
2.1e-06, 
0.0023806, 
1.9e-06, 
0.010447, 
1.9e-06, 
0.0023163, 
1.2e-06, 
0.0159009, 
1e-06, 
0.0083215, 
9e-07, 
0.0023321, 
1.2e-06, 
0.026187, 
0.0005894, 
0.0135234, 
1.5e-06, 
0.0206684, 
0.0005328, 
0.021062, 
0.0003352, 
0.0223991, 
0.0004991, 
0.0200463, 
0.0004949, 
0.0148703, 
0.0004986, 
0.0204825, 
0.0005279, 
0.0225625, 
0.000577, 
0.0237036, 
0.0005658, 
0.0287587, 
0.0148991, 
0.0005836, 
0.0217592, 
0.018967, 
0.0006374, 
0.0151472, 
0.0220204, 
0.0003135, 
0.0167211, 
0.0178479, 
0.0005713, 
0.0226072, 
0.0003344, 
0.0175719, 
0.0024993, 
0.0221533, 
1.2e-06, 
0.0123215, 
0.0128079, 
8e-07, 
0.0079854, 
0.0206129, 
0.0004414, 
0.0128497, 
0.020334, 
0.0004552, 
0.0114695, 
0.0218274, 
0.0005331, 
0.0159559, 
0.0108728, 
0.0181668, 
0.0163248, 
0.0235745, 
0.0207488, 
0.0176278, 
0.0183588, 
0.016312, 
0.0150521, 
0.0240802, 
0.0249637, 
0.0232211, 
0.0175222, 
0.0198719, 
0.0101631, 
0.0206198, 
0.0209552, 
0.0159354, 
0.0205548, 
0.0147319, 
0.0323561, 
0.0006372, 
0.0241571, 
0.0209307, 
0.0008189, 
0.0300283, 
0.0003964, 
0.0119319, 
1.2e-06, 
0.0223993, 
0.0010786, 
0.0324633, 
0.024759, 
0.0008698, 
0.033819, 
0.0005848, 
0.0469551, 
0.0005139, 
0.0191247, 
0.0012096, 
0.0018332, 
0.0207884, 
0.0014857, 
0.0187199, 
0.0009547, 
0.0023672, 
0.0013155, 
0.0168592, 
0.0007337, 
0.0021331, 
0.0321737, 
0.000552, 
0.0296928, 
0.0006583, 
0.001274, 
0.0240753, 
0.0005926, 
0.0213733, 
0.0006642, 
0.001832, 
1.2e-06, 
0.0178386, 
0.0008361, 
0.0152746, 
0.0005793, 
0.0222591, 
0.0008552, 
0.002212, 
0.0124791, 
0.0009045, 
0.0096051, 
0.0005054, 
0.02075, 
0.0005106, 
0.0185263, 
0.0005562, 
0.0361699, 
0.0005524, 
0.0031712, 
0.0191479, 
0.0005124, 
0.0029905, 
0.0029075, 
0.0342115, 
0.0007749, 
0.0264814, 
0.0007926, 
0.0021391, 
0.0217443, 
0.0005165, 
0.0104284, 
4.5e-06, 
0.0079317, 
0.0247446, 
0.0003656, 
0.0202942, 
4.4e-06, 
0.0142942, 
0.0298952, 
0.0007643, 
0.0267306, 
0.0002743, 
0.0126263, 
0.0017899, 
0.0167972, 
0.0005256, 
0.0200842, 
0.0136537, 
0.000548, 
0.0069929, 
0.0144145, 
0.0002711, 
0.0137397, 
0.0003776, 
0.0142465, 
0.0160314, 
0.0002566, 
0.0085703, 
0.0003067, 
0.0050826, 
0.0203373, 
0.000483, 
0.0220009, 
0.0005268, 
0.0129153, 
0.0014063, 
7.3e-06, 
0.0139058, 
0.002595, 
0.0213638, 
7.8e-06, 
0.0121395, 
0.049848, 
0.0009676, 
0.0081753, 
0.0002246, 
0.015573, 
0.107514, 
0.0008433, 
0.0115797, 
0.0003263, 
0.0155021, 
0.0560577, 
0.0065299, 
0.0141836, 
0.0002373, 
0.0096803, 
0.0158518, 
0.0009493, 
0.0125437, 
0.0002363, 
0.0099999, 
0.0202534, 
0.0005273, 
0.0146957, 
0.0002694, 
0.0106107, 
0.0251919, 
0.0006399, 
0.014132, 
0.0003138, 
0.0077418, 
0.0181804, 
0.0008486, 
0.0144699, 
0.0002711, 
0.0034019, 
0.0313145, 
0.0089546, 
0.0165698, 
0.0096445, 
0.0262158, 
0.0259007, 
0.0098666, 
0.0259196, 
0.0083188, 
0.0237557, 
0.038895, 
0.0206827, 
0.0348342, 
0.023126, 
0.0196918, 
0.0308053, 
0.0248644, 
0.0223827, 
0.022109, 
0.0332813, 
0.0284478, 
0.0195018, 
0.0322225, 
0.0307346, 
0.0198758, 
0.0311113, 
0.0129182, 
0.0413659, 
0.030325, 
0.0424784, 
0.0617208, 
0.013016, 
0.0434152, 
0.0239059, 
0.0537026, 
0.0320614, 
0.0066759, 
0.036824, 
0.0269535, 
0.0315611, 
0.0002944, 
0.0354949, 
0.022155, 
0.0302489, 
0.0303942, 
0.0500302, 
0.0001708, 
0.0410266, 
0.0230094, 
0.0289351, 
0.032164, 
0.0436548, 
0.000355, 
0.0377449, 
0.0231566, 
0.0320732, 
0.0199628, 
0.0405163, 
0.0003135, 
0.0006799, 
4.8e-06, 
6.5e-06, 
6.7e-06, 
6.1e-06, 
4.5e-06, 
4.4e-06, 
3.7e-06, 
0.0014519, 
0.0003467, 
0.0007747, 
0.0001529, 
0.0003673, 
0.022167, 
0.0003477, 
0.0175922, 
0.0002379, 
0.0009386, 
0.0630349, 
0.0002611, 
0.0213108, 
0.000297, 
0.0221247, 
0.0213509, 
0.0010049, 
0.033541, 
0.0100812, 
0.0290959, 
0.0045757, 
0.0213452, 
0.0293759, 
0.0027997, 
0.0278219, 
0.0101606, 
0.0241829, 
0.0044364, 
0.0266325, 
0.0307036, 
0.0009844, 
0.0362503, 
0.0114306, 
0.0238151, 
0.0107531, 
0.0261831, 
0.0271941, 
0.0008692, 
0.0454171, 
0.012681, 
0.0309314, 
0.0108178, 
0.0335362, 
0.0379303, 
0.0008844, 
0.0502447, 
0.0123966, 
0.0332393, 
0.0118737, 
0.0251701, 
0.0460059, 
0.0021626, 
0.0470991, 
0.0209409, 
0.035545, 
0.020416, 
0.0423342, 
0.046106, 
0.0022334, 
0.0231685, 
0.0020374, 
0.021632, 
0.0028521, 
0.0165304, 
0.0252205, 
0.0010917, 
0.0378495, 
0.0020734, 
0.027898, 
0.0057531, 
0.0226798, 
0.0292067, 
0.0009333, 
0.0372417, 
0.0043995, 
0.0289093, 
0.0113122, 
0.0185076, 
0.0309742, 
0.0169506, 
0.0132405, 
0.0021894, 
0.032924, 
0.0097191, 
0.0462896, 
0.0104186, 
0.0002442, 
0.0345672, 
0.021447, 
0.0325347, 
0.0002779, 
0.0267098, 
0.0002066, 
0.0104614, 
0.0003687, 
0.01781, 
3.9e-06, 
0.0111961, 
0.0134259, 
0.0163291, 
2.9e-06, 
0.0206479, 
0.0001883, 
0.000284, 
0.0201771, 
0.000373, 
0.0217853, 
0.0002399, 
0.0119965, 
0.0002893, 
0.0212998, 
0.0003, 
0.0142823, 
0.0002113, 
0.0151494, 
0.0001963, 
0.0188791, 
0.0002408, 
0.0159872, 
0.0002136, 
0.0113894, 
0.0002131, 
4e-06, 
0.0015968, 
0.0162098, 
0.0002155, 
0.0110871, 
0.0003175, 
0.0144305, 
0.0002301, 
0.0098055, 
0.0001082, 
0.0118321, 
0.0001715, 
0.007576, 
1.9e-06, 
0.0122328, 
5e-07, 
0.0086598, 
8e-07, 
0.0051126, 
6e-07, 
0.0061472, 
7e-07, 
0.0041103, 
6e-07, 
0.0052401, 
3e-07, 
0.0043635, 
6e-07, 
0.0050759, 
4e-07, 
0.0053352, 
4e-07, 
0.0041927, 
7e-07, 
0.0101598, 
6e-07, 
0.0051407, 
6e-07, 
0.010444, 
9e-07, 
0.0042957, 
8e-07, 
0.0041122, 
6e-07, 
0.0052547, 
7e-07, 
0.0056722, 
5.6e-06, 
0.0077325, 
7e-07, 
0.0062029, 
1.2e-06, 
0.0057262, 
4e-07, 
0.0048713, 
6e-07, 
0.0039037, 
1.3e-06, 
0.0039285, 
6e-07, 
0.0090848, 
4e-07, 
0.0036265, 
6e-07, 
0.0035633, 
8e-07, 
0.0057091, 
4e-07, 
0.0044328, 
5e-07, 
0.0038441, 
6e-07, 
0.0036579, 
4e-07, 
0.004779, 
4e-07, 
0.0041274, 
4e-07, 
0.0036216, 
5e-07, 
0.0039452, 
7e-07, 
0.0044929, 
1e-06, 
0.00503, 
7e-07, 
0.0038262, 
6e-07, 
0.0037057, 
1.1e-06, 
0.0050263, 
5e-07, 
0.0056834, 
1.3e-06, 
0.0082828, 
8e-07, 
0.0065426, 
4e-07, 
0.0055087, 
1.5e-06, 
0.0046175, 
4e-07, 
0.0056024, 
4e-07, 
0.007409, 
7e-07, 
0.0045818, 
5e-07, 
0.0039691, 
7e-07, 
0.0057284, 
9e-07, 
0.0072635, 
7e-07, 
0.0044797, 
5e-07, 
0.0044914, 
5e-07, 
0.0192189, 
4e-07, 
0.0047793, 
5e-07, 
0.0037474, 
6e-07, 
0.0041796, 
8e-07, 
0.0061195, 
5e-07, 
0.0048538, 
7e-07, 
0.0072743, 
6e-07, 
0.006455, 
6e-07, 
0.0070599, 
8e-07, 
0.0071395, 
6e-07, 
0.006693, 
6e-07, 
0.0064955, 
7e-07, 
0.0050548, 
5e-07, 
0.0069269, 
8e-07, 
0.0038126, 
7e-07, 
0.0050949, 
8e-07, 
0.0060592, 
1.4e-06, 
0.0110815, 
8e-07, 
0.004146, 
5e-07, 
0.003802, 
1.3e-06, 
0.0047019, 
5e-07, 
0.004066, 
8e-07, 
0.0049747, 
4e-07, 
0.0034795, 
4e-07, 
0.0034326, 
7e-07, 
0.011781, 
9e-07, 
4e-07, 
5e-07, 
4e-07, 
4e-07, 
7e-07, 
0.0040281, 
5e-07, 
0.004687, 
6e-07, 
0.0092042, 
5e-07, 
0.0059614, 
8e-07, 
0.0078499, 
7e-07, 
0.0043312, 
8e-07, 
0.0046183, 
5e-07, 
0.0060172, 
4e-07, 
0.005227, 
6e-07, 
0.0040215, 
8e-07, 
0.0063827, 
5e-07, 
0.0054714, 
8e-07, 
0.0060424, 
4e-07, 
0.0056168, 
7e-07, 
0.0101972, 
8e-07, 
0.0041982, 
7e-07, 
0.0062331, 
4e-07, 
0.0077886, 
5e-07, 
4e-07, 
5e-07, 
5e-07, 
4e-07, 
0.0053978, 
1.06e-05, 
0.0056075, 
7e-07, 
0.0064585, 
1.2e-06, 
0.004825, 
6e-07, 
0.0064364, 
5e-07, 
0.0051315, 
9e-07, 
0.0043249, 
6e-07, 
0.0060369, 
1e-06, 
0.0140274, 
1.2e-06, 
0.0056947, 
4e-07, 
0.0044409, 
1.2e-06, 
0.0116602, 
0.0080992, 
8e-07, 
0.0182391, 
8e-07, 
0.0094519, 
5e-07, 
0.0051431, 
8e-07, 
0.0146283, 
0.0114247, 
0.0119944, 
8e-07, 
0.0140409, 
0.0122637, 
0.0139115, 
9e-07, 
0.0117176, 
0.0197319, 
0.0134583, 
0.0118102, 
0.010231, 
0.012064, 
7e-07, 
0.0140722, 
8e-07, 
0.0064888, 
1e-06, 
9e-07, 
0.0196937, 
1e-06, 
0.0139038, 
9e-07, 
0.0130857, 
0.0071838, 
0.012244, 
1e-06, 
8e-07, 
0.0141211, 
9e-07, 
0.0164175, 
1.2e-06, 
8e-07, 
0.012531, 
8e-07, 
0.0111536, 
5e-07, 
0.0121861, 
7e-07, 
0.0140019, 
5e-07, 
0.0136976, 
6e-07, 
0.0130137, 
0.0083188, 
0.0125186, 
8e-07, 
0.0086915, 
0.0204572, 
0.0140835, 
1e-06, 
0.0120519, 
0.010659, 
0.0118128, 
0.006174, 
0.0126793, 
0.0120884, 
1.1e-06, 
0.018073, 
8e-07, 
0.0136462, 
5e-07, 
0.0124537, 
0.0122973, 
0.0113243, 
7e-07, 
0.0080007, 
0.010896, 
0.0126587, 
8e-07, 
0.0061627, 
0.0144555, 
0.0099205, 
0.0051179, 
0.0167657, 
0.0059894, 
0.0099123, 
8e-07, 
0.0136747, 
0.0119681, 
0.015826, 
0.0086122, 
0.0131346, 
0.0095576, 
0.0130884, 
9e-07, 
0.0114768, 
0.0125529, 
0.0137228, 
0.0082788, 
0.0235385, 
8e-07, 
0.0110417, 
0.0114539, 
0.0142627, 
0.0121827, 
0.0065441, 
0.0071353, 
0.0070342, 
0.0063837, 
0.011243, 
0.0040134, 
1e-06, 
0.0055027, 
0.012054, 
2.5e-06, 
0.0073682, 
5e-07, 
0.0042892, 
4e-07, 
0.0168456, 
5e-07, 
0.0051748, 
8e-07, 
0.0127249, 
8e-07, 
6e-07, 
0.013537, 
7e-07, 
7e-07, 
0.0150709, 
1.1e-06, 
0.0153924, 
8e-07, 
0.0057185, 
1.9e-06, 
0.0050967, 
1.2e-06, 
0.0149028, 
8e-07, 
3.2e-06, 
0.0120985, 
1.1e-06, 
3.2e-06, 
0.0186686, 
6e-07, 
7e-07, 
0.016339, 
